
                                     1 

 2025  5  24  10  00 12  00 
 Zoom

1 

2 

3          2024   1
     1     2024   2

     2        
            3
           2025   4
           2025   5

4 
 1

         1  202 

2025  4  1 



    9 

    

    

    1 


202/202 3  31  8 1 

   75 7 
2022 /2023  3  31  849  4 

   752  97 
2021 /2022  3  31  746  3 

   666  80 




  
NPO (remo)WAN





  
     7,099 2025  5  1 
  6,799 2024  5  1 /6,502 2023  5  1 /6132 2022  5
         1 
  ()

     63,635 2025  4 

   72,879 2024  4 100,194 2023  5  1 816422022  4 

2 
  WAN WAN



                                                    1
 2 2024  2 


2024 

 3   132 
 1   15 
 2   34 
147   1729 

   560 
    40 
     84 
  



 10  25 WAN 
No.333356


  W-WAN WAN 

40 



  

 8 


   18 

WAN 


17 

   15 2024  5  25 17 
7  28 29 


              2
Dx 
  


Web 

  WAN Web 
  

  

   3 

 WAN WAN 

  
  WAN No.1,2,
  2024.5.23 
  2024.1129 
  WAN 

WAN 



2024  4  3  web   17 2024  3  1 

 

 DV  2024 135,900 

JAWW +30  NGO  500,000 

2024  9  17  web   18 2024  9  1 

  

 Colabo 10  500,000 



HAPPY                              61,000 

      140,000 

 Colabo 10               500,000 

ACW2                     368,230 



                         1,050,000 

 580  1547   567  8882 

                                            3

  202

/
 95 

                                                                                                                        4
 NPO  2024 

 
 

       
      
      
 

             
           
           
  
           
  
           
  NPO-SC   

  5  1     
           
           
           
           
           
           
  
           
  NPO-SC 

DX 
  
WAN 


  
   
   


 

             5
                   
  ML 
                   
                   
                   
                   
Syncable 
                     
  Syncable         
                   

                    
SNS                

                   
                   
                   

   ML              

                   
                   

 salesforce        

WAN 
 wan.or.jp 
  salesforce 
google analytics 
 
 
ML 
  ML

 Google 
 
WAN 

                       6
                                  
                                
                                
                                
                                
               
WAN                             
                                
                                
               WAN              
WAN                             
               
Worldwide WAN                   (
WAN            //               
                                )
               WAN 
               WAN              
               
                                
                                

                                

                                       

                                  
WAN                                    
SNS            
               WAN  Instagram   
                YouTube 
                                
                                
                                
               
                                
                                
                                
                                
                                

                                         7
                  

 2  WAN   

   1  

      12 

 WAN  WAN  1  

       1  12 

      

      Wan  

      

 Zine   

       ZINE       

      /           

      ZINE 

      

      WAN  

      

      

PTMF  WAN   

       PTMF  

      

        

                  

 2025  

                  

  

                  

                  

                  

WAN 2   

       2  WAN  

      

WAN    1  WAN  

      

      SOSHIREN  

      

                    8
               NPO  2024 

2024  4 
4.10 # 50/50 

          https://wan.or.jp/article/show/11195
4.18  2  WAN  9 

          https://wan.or.jp/article/show/11220
5
5.16  2  WAN  10 

          https://wan.or.jp/article/show/11312
5.25 2024  WAN 
6
6.27  2  WAN  11 

          https://wan.or.jp/article/show/11355
7
7.12 

          
          https://wan.or.jp/article/show/11394
7.18  2  WAN  12 
          https://wan.or.jp/article/show/11428
7.28292024  WAN 
9
9.16 
          
          https://wan.or.jp/article/show/11492
9.19  2  WAN 
10 
10.11 PTMF
          https://wan.or.jp/article/show/11486
10.14 8  WAN 
         
         
        
        --
        https://wan.or.jp/article/show/11597
11 
11.6
        https://wan.or.jp/article/show/11466

                                                                                                                     9
11.29& 
        
        https://wan.or.jp/article/show/11625

1
1.23 3  WAN  1 

        https://wan.or.jp/article/show/11724
2
2.20 3  WAN  2 

        https://wan.or.jp/article/show/11796
2.27

        
https://wan.or.jp/article/show/11664
3
3.2  9  WAN 

       . 
       2024
       
       https://wan.or.jp/article/show/11697
3.20 3  WAN  3 
3.222024 
3.25
       2025 
       https://wan.or.jp/article/show/11741
3.30()
       https://wan.or.jp/article/show/11744

                                                                                                                   10

1 
WAN 

WAN 20249

2024  4  3  web   17 2024  3  1 

   
   DV  2024 135,900 
  JAWW +30  NGO  500,000 
2024  9  17  web   18 2024  9  1 
    
   Colabo 10  500,000 



HAPPY                    61,000 

  140,000 

 Colabo 10  500,000 

ACW2 368,230 



  1,050,000 

 580  1547   567  8882 

B-WAN



                                   11







.
WAN  Reading Circle GF 

 Reading Circle2024 
 2024  4 2025  22 
 

   
 
  
  16 
 
 
  
 2 
 
 

   /

2024  9  WAN RC


D-WAN
 MTG5/199/2712/223/7
 

  LEMON
 
 


  



                                                                                                                   12

NFR  ZINE 





      

      

      

      

 

      3 

      

       160°

Sami  

      

      

      

SD 
  
  LGBT 


WAN 
2024  2  1 



  

WAN 
  2024  4  1 3  15  147 
   1,729 

WAN 
   WAN ()
   WAN ()

             13

  

  39  
     2023
     https://wan.or.jp/article/show/11641

  
     https://wan.or.jp/article/show/11840


  2025  3  4 2024 2024 

2024 2025 


  YOUTUBE 

 YOUTUBE 



YouTube  2  23  7107 

                       

                       20240423

# 50/50                20240426

                       20240802

8                      20240918

                       20241004

WAN  PTMF              20241014

WAN                    20241208

                       20241211

WANZOOM HDD

 HDD 

W-WAN
1. WAN 2024  4  1 2025  3  13 
 40 


                                                                                                                      14




2. W-WAN 

 Usbek &Rica 

 Teatro Amanhã 
 Focus On Women 
 We Are The Impact 
 




3. 


W-WAN 

W-WAN 
7  20  12  6  

 10 

WAN M-WAN
1.

  2024  9  30 
https://wan.or.jp/article/show/11483

   3 


    
  8
  
  2024.05.26 https://wan.or.jp/article/show/11242
    

                                                                                                                      15
   29
     2024.10.17 https://wan.or.jp/article/show/11538

  
    30 
   
  2025.02.08 https://wan.or.jp/article/show/11720
  


.


  2025.2.22  NHK x 
2015  2 


  2025.2.23 NHK x 


  https://wan.or.jp/article/show/11755


  
   2  2025.2.23
2025.3.7https://wan.or.jp/article/show/11778

SNS 


  
  2024  5  24 

  
  5  13 5  26 7  29 9  9 11  11 (
  1  13 3  24 

  
  7  28 29  

                                                                                                                      16
 
WAN  ZINE 


   
2024  9  13 2024  11  17 41 
 WAN 



   
SPILLLL

  SPILLLL ZINE 


  Movement is Journey, NOT Arrival
504 

  504 


   ZINE 
  
   WAN 
   
    WAN 
   #WAN 
  WAN   ZINE 

                                                                                                                      17
                          

                                                                                                                                 []

  2024 4 1  2025 331

                          4,645,000      6,705,000
                              30,000     3,535,227

                          2,030,000         696,507
                                             25,653
                             106,507
                             590,000
      
                                5,653
                              20,000
      
                                                     10,962,387
       
                                      0  5,811,739

                             511,965     3,454,632
                                4,180        59,114

                             176,000
                          2,553,200
               
                              39,041
                             103,089
                             391,679
        
                                      0
                                      0
                          1,957,197
                                      0
                              75,388
                          5,811,739
             
                                      0
            
                              40,411
                             452,400

                              13,480
                             758,944

                                7,066
                              10,000

                                4,300
                             138,481
                          2,029,550
                          3,454,632
            
                                                     9,266,371
                                                     1,696,016
            
                                                                 0
             
                                                                      18
                                                         59,114

               
                   
                      
                        


       


   
       


                                                                                                                                 []

  2024 4 1  2025 331

      1,636,902
      1,636,902
     43,594,833
     45,231,735

                                                                                                                                     19
                 

                                                                 []

                                                     2025 331 
                                    

                                      

                 11,086,310       
                 31,752,515
                                      1,149,499
                  5,006,090
                 47,844,915           1,750,000

                      108,905         3,891
                      205,000
   Paypal             313,905         30,000
   
                            430       2,933,390
                            430
                                      2,933,390
   
                                    
     
                                      43,594,833
    
                                      1,636,902
     
                                      45,231,735

                        5,870
                        5,870
                 48,165,120
 
                               1      48,165,125
                               1
      
                               4
                               4
                               5
                 48,165,125

                                                                     20
                                                              

1.
201072020171212


(1).



(2).


2.


                 M-WAN          B-WAN                         WAN                                            
                                             
                           0              0                   0              0                           0            0
                           0           600                0                                              0         600
                           0                              0   0              0                           0
                           0              0               0                                              0            0
                           0              0               0   0              0                           0            0
                           0        1,168                 0                                              0      2,488
                           0              0               0   0              0                           0     22,274
                           0        1,906                 0                                              0      1,906
                           0              0               0   840            480                         0            0
                           0              0               0                                       30,000              0
                           0              0               0                  22,274                      0   959,230
                           0              0               0                                              0            0
                                          0               0   0              0                     30,000       7,246
                             0       3,674                 0
                                                              0              0                               993,744

                                                              0              0

                                                              929,230        0

                                                              0              0

                                                              1,100          6,146

                                                              931,170        28,900

                 W-WAN          D-WAN                                                                                       
                                                                                                 
                           0              0              0               0                          4,180         4,180        4,180
                           0              0     508,365                  0                          3,000      511,365      511,965
                           0              0     176,000                  0                                     176,000      176,000
                           0              0  2,553,200                   0              0                 0  2,553,200    2,553,200
                           0      10,838                                 0              0          25,715
                           0              0              0               0              0          80,815       36,553       39,041
                    53,252        64,632                 0               0              0                       80,815      103,089
                           0              0     271,889                  0              0                 0    389,773      391,679
                           0              0              0               0              0                 0
                           0              0              0               0              0                 0            0            0
                           0              0              0               0              0        997,967               0            0
                           0              0              0               0              0                 0    997,967    1,957,197
                     53,252         75,470               0                              0          68,142              0            0
                                              3,509,454                   0             0       1,179,819       68,142       75,388
                                                                                        0
                                                                                                             4,817,995    5,811,739
                                                                                          0

3

                                                                                                                                       

                                                                                                                          
                       260,480            0
                                          0    0              260,480  260,479               1
                    6,672,600             0
                       940,410            0    0 6,672,600  6,672,597                        3

                    7,873,490                  0              940,410  940,409               1

                                               0 7,873,490  7,873,485                        5

4.



                                                              

                  

                                3,535,227                     2,163,000

                                452,400                       360,000

                                2,029,550                     111,370

                                6,017,177                     2,634,370

5
   
   45,231,7355,802,905

   39,428,830

                                                                                                                                       

                                                                                                             
    WAN                                                        5,800,872
                 5,679,047 1,052,995         931,170
Zine                                                                 2,033
                 0 1,000,000                 997,967
                                                              5,802,905
                 5,679,047 2,052,995 1,929,137

6.                                                                                                                                     21
          

                               []

                       2025 331 

          





          11,086,310

          (4,776,770)

WAN       (5,801,547)

            (507,993)

          31,752,515

            5,006,090

          47,844,915



Paypal      108,905

            205,000

            313,905



            430

            (430)

            430



            5,870

            5,870

                       48,165,120

                                    5
                                              48,165,125


            1

            1



            4

            4

  

        

          



            1,149,499

            (95,161)

            (327,250)

            (701,140)

            (25,948)

            1,750,000

2025      (1,450,000)

2026        (300,000)

            3,891

            (3,891)

            30,000

                       2,933,390

                                   2,933,390

                                  45,231,735
                                                     22
                                    

                                                                     2025  5  20 

   16 2024  4  1  2025  3  31 


 
     
     
      IKEDA 
     

 
     
     
     
      2025  3  31 
     
                                                                                              
 4

     2  2025  

1 17 2025 

 NPO  WAN  15 
20 



1 
21


   WAN 


    WAN 



22
23

24
25

2 
    5  NPOSC 
    
    
    

3 
    
    
    
    2026  5 
    

4 
    WAN 
    
    
    DX 
    
    
    
    

 

1
1-1 WAN 
WAN 

 WAN 

                24
WAN 
 WAN 
 WAN 

1-2 WAN 
WAN WAN 






1-3 
WAN 
 multilingual 

 WAN 
AI 

1-4 
Zoom 
100




2
2-0 WAN WAN 

  
2-1 

  
2-2 

  
2-3 
2-4 

  
2-5 
4  10 

  
4  12 10   1  WAN 
4  17 19   3  WAN  4 
4  21 20   2  WAN  1 

        https://wan.or.jp/article/show/11851
5  15 19   3  5 
5  18 14:30 
5  19 20   2  WAN  2  

   2 
5  24 13  30  
5  28 

  
6  5  19  WAN  1 

  
6  19 19  3  6 

                                                                                                                      25
6  23 20   2  WAN  2  
   3 

7  3 19  WAN 
  

7  17 19  3  7 
7  28 20   2  WAN  2  

   4 
8  7  19  WAN 

  
8  25 20   2  WAN  2  

   5 
9  4  19  WAN 

  
9  18 19  3  8 
9  29 20   2  WAN  2  

   6 
10  2 19 WAN 

  
10  16 19  3  9 
10  27 20   2  WAN  2  

   7 
11  6  19 Wan 

  
11  17 20   2  WAN  2  

   8 
11  20 19  3  10 
12  4 19 WAN 

  
12  22 20   2  WAN  2  

   9 
1  8 19 WAN  8 

  
1  15 19  3  11 
1  2620   2  WAN  2  

   10 
2  5 19 WAN  9 

  
2  16 20   2  WAN  2  

   11 
2  19 19  3  12 
3  19 19  3 
3  29  2  WAN  2  

   12 


3



 WAN WAN 
WAN 

4WAN 


                                                                                                                      26
WAN 

 WAN 



1) 

     2026  5  23 @Zoom
2) 

    2025  5  26 @Zoom
    2025  7  14 @Zoom
    2025  9  8 @Zoom
    2025  11  10 @Zoom
    2026  1  12 @
    2026  2  23 @Zoom
    2026  3  23 @Zoom
    2026  5  11 @Zoom
    2026  5  25 ZOOM
3
    2026  3  21 ZOOM

                                                                                                                      27
                      2025

                                        []

2025412026331



                                                               

                      4,500,000       6,530,000
                          30,000      2,000,000

                      2,000,000          760,000
                                               200
                      2,000,000
      
                         100,000
                          60,000

                         600,000

                                                    9,290,200

                                   0

                            20,000
                                   0

                       5,000,000
                       2,460,000
               
                            70,000
                          200,000
                          700,000
          
                            20,000
                                   3
            
                       2,000,000
                                   0
            
                          120,000
                      10,590,003
            
                                      10,590,003
            
                      0
               
                      80,000

                      452,400

                      300,000
            
                      20,000

                      10,000
            
                      740,000
   
                      15,000
             
                      10,000
            
                      1,050
            
                      150,000

                      2,150,000                                  28

                      3,928,450
  2025

                          []

2025412026331



                          3,928,450
                      
                                        14,518,453
                                      5,228,253

                                     0

                                                     0
                                      5,228,253
                                      5,228,253
               
                                        43,594,833
                                        38,366,580

                                                        29
